0.000000E+0	2.014000E-1	3.160454E-1
2.000000E-6	2.034018E-1	2.959367E-1
4.000000E-6	2.054036E-1	2.742543E-1
6.000000E-6	2.074055E-1	2.509893E-1
8.000000E-6	2.094073E-1	2.261364E-1
1.000000E-5	2.114091E-1	1.996936E-1
1.200000E-5	2.134109E-1	1.716625E-1
1.400000E-5	2.154127E-1	1.420485E-1
1.600000E-5	2.174146E-1	1.108605E-1
1.800000E-5	2.194164E-1	7.811140E-2
2.000000E-5	2.214182E-1	4.381772E-2
2.200000E-5	2.234200E-1	8.000006E-3
2.400000E-5	2.254218E-1	-2.931732E-2
2.600000E-5	2.274237E-1	-6.810591E-2
2.800000E-5	2.294255E-1	-1.083334E-1
3.000000E-5	2.314273E-1	-1.499637E-1
3.200000E-5	2.334291E-1	-1.929565E-1
3.400000E-5	2.354309E-1	-2.372678E-1
3.600000E-5	2.374328E-1	-2.828496E-1
3.800000E-5	2.394346E-1	-3.296503E-1
4.000000E-5	2.414364E-1	-3.776142E-1
4.200000E-5	2.434382E-1	-4.266823E-1
4.400000E-5	2.454400E-1	-4.767918E-1
4.600000E-5	2.474419E-1	-5.278765E-1
4.800000E-5	2.494437E-1	-5.798667E-1
5.000000E-5	2.514455E-1	-6.326896E-1
5.200000E-5	2.534473E-1	-6.862692E-1
5.400000E-5	2.554491E-1	-7.405264E-1
5.600000E-5	2.574510E-1	-7.953796E-1
5.800000E-5	2.594528E-1	-8.507443E-1
6.000000E-5	2.614546E-1	-9.065334E-1
6.200000E-5	2.634564E-1	-9.626577E-1
6.400000E-5	2.654582E-1	-1.019026E+0
6.600000E-5	2.674601E-1	-1.075544E+0
6.800000E-5	2.694619E-1	-1.132118E+0
7.000000E-5	2.714637E-1	-1.188651E+0
7.200000E-5	2.734655E-1	-1.245045E+0
7.400000E-5	2.754673E-1	-1.301200E+0
7.600000E-5	2.774692E-1	-1.357018E+0
7.800000E-5	2.794710E-1	-1.412397E+0
8.000000E-5	2.814728E-1	-1.467236E+0
8.200000E-5	2.834746E-1	-1.521435E+0
8.400000E-5	2.854764E-1	-1.574893E+0
8.600000E-5	2.874783E-1	-1.627507E+0
8.800000E-5	2.894801E-1	-1.679179E+0
9.000000E-5	2.914819E-1	-1.729809E+0
9.200000E-5	2.934837E-1	-1.779297E+0
9.400000E-5	2.954855E-1	-1.827546E+0
9.600000E-5	2.974874E-1	-1.874460E+0
9.800000E-5	2.994892E-1	-1.919944E+0
1.000000E-4	3.014910E-1	-1.963905E+0
1.020000E-4	3.034928E-1	-2.006253E+0
1.040000E-4	3.054946E-1	-2.046899E+0
1.060000E-4	3.074965E-1	-2.085755E+0
1.080000E-4	3.094983E-1	-2.122740E+0
1.100000E-4	3.115001E-1	-2.157770E+0
1.120000E-4	3.135019E-1	-2.190768E+0
1.140000E-4	3.155037E-1	-2.221659E+0
1.160000E-4	3.175056E-1	-2.250371E+0
1.180000E-4	3.195074E-1	-2.276834E+0
1.200000E-4	3.215092E-1	-2.300983E+0
1.220000E-4	3.235110E-1	-2.322757E+0
1.240000E-4	3.255128E-1	-2.342097E+0
1.260000E-4	3.275146E-1	-2.358949E+0
1.280000E-4	3.295165E-1	-2.373261E+0
1.300000E-4	3.315183E-1	-2.384988E+0
1.320000E-4	3.335201E-1	-2.394086E+0
1.340000E-4	3.355219E-1	-2.400516E+0
1.360000E-4	3.375237E-1	-2.404244E+0
1.380000E-4	3.395256E-1	-2.405238E+0
1.400000E-4	3.415274E-1	-2.403473E+0
1.420000E-4	3.435292E-1	-2.398926E+0
1.440000E-4	3.455310E-1	-2.391577E+0
1.460000E-4	3.475328E-1	-2.381413E+0
1.480000E-4	3.495347E-1	-2.368424E+0
1.500000E-4	3.515365E-1	-2.352604E+0
1.520000E-4	3.535383E-1	-2.333949E+0
1.540000E-4	3.555401E-1	-2.312463E+0
1.560000E-4	3.575419E-1	-2.288150E+0
1.580000E-4	3.595438E-1	-2.261021E+0
1.600000E-4	3.615456E-1	-2.231089E+0
1.620000E-4	3.635474E-1	-2.198370E+0
1.640000E-4	3.655492E-1	-2.162885E+0
1.660000E-4	3.675510E-1	-2.124660E+0
1.680000E-4	3.695529E-1	-2.083721E+0
1.700000E-4	3.715547E-1	-2.040099E+0
1.720000E-4	3.735565E-1	-1.993829E+0
1.740000E-4	3.755583E-1	-1.944947E+0
1.760000E-4	3.775601E-1	-1.893495E+0
1.780000E-4	3.795620E-1	-1.839516E+0
1.800000E-4	3.815638E-1	-1.783055E+0
1.820000E-4	3.835656E-1	-1.724161E+0
1.840000E-4	3.855674E-1	-1.662885E+0
1.860000E-4	3.875692E-1	-1.599280E+0
1.880000E-4	3.895711E-1	-1.533401E+0
1.900000E-4	3.915729E-1	-1.465308E+0
1.920000E-4	3.935747E-1	-1.395058E+0
1.940000E-4	3.955765E-1	-1.322713E+0
1.960000E-4	3.975783E-1	-1.248337E+0
1.980000E-4	3.995802E-1	-1.171992E+0
2.000000E-4	4.015820E-1	-1.093746E+0
2.020000E-4	4.035838E-1	-1.013666E+0
2.040000E-4	4.055856E-1	-9.318176E-1
2.060000E-4	4.075874E-1	-8.482716E-1
2.080000E-4	4.095893E-1	-7.630972E-1
2.100000E-4	4.115911E-1	-6.763646E-1
2.120000E-4	4.135929E-1	-5.881445E-1
2.140000E-4	4.155947E-1	-4.985083E-1
2.160000E-4	4.175965E-1	-4.075272E-1
2.180000E-4	4.195984E-1	-3.152727E-1
2.200000E-4	4.216002E-1	-2.218164E-1
2.220000E-4	4.236020E-1	-1.272295E-1
2.240000E-4	4.256038E-1	-3.158327E-2
2.260000E-4	4.276056E-1	6.505167E-2
2.280000E-4	4.296075E-1	1.626050E-1
2.300000E-4	4.316093E-1	2.610070E-1
2.320000E-4	4.336111E-1	3.601887E-1
2.340000E-4	4.356129E-1	4.600818E-1
2.360000E-4	4.376147E-1	5.606189E-1
2.380000E-4	4.396166E-1	6.617336E-1
2.400000E-4	4.416184E-1	7.633604E-1
2.420000E-4	4.436202E-1	8.654350E-1
2.440000E-4	4.456220E-1	9.678943E-1
2.460000E-4	4.476238E-1	1.070676E+0
2.480000E-4	4.496257E-1	1.173721E+0
2.500000E-4	4.516275E-1	1.276968E+0
2.520000E-4	4.536293E-1	1.380360E+0
2.540000E-4	4.556311E-1	1.483841E+0
2.560000E-4	4.576329E-1	1.587356E+0
2.580000E-4	4.596348E-1	1.690852E+0
2.600000E-4	4.616366E-1	1.794276E+0
2.620000E-4	4.636384E-1	1.897580E+0
2.640000E-4	4.656402E-1	2.000713E+0
2.660000E-4	4.676420E-1	2.103631E+0
2.680000E-4	4.696439E-1	2.206286E+0
2.700000E-4	4.716457E-1	2.308637E+0
2.720000E-4	4.736475E-1	2.410640E+0
2.740000E-4	4.756493E-1	2.512257E+0
2.760000E-4	4.776511E-1	2.613448E+0
2.780000E-4	4.796530E-1	2.714177E+0
2.800000E-4	4.816548E-1	2.814410E+0
2.820000E-4	4.836566E-1	2.914111E+0
2.840000E-4	4.856584E-1	3.013251E+0
2.860000E-4	4.876602E-1	3.111799E+0
2.880000E-4	4.896621E-1	3.209726E+0
2.900000E-4	4.916639E-1	3.307005E+0
2.920000E-4	4.936657E-1	3.403613E+0
2.940000E-4	4.956675E-1	3.499524E+0
2.960000E-4	4.976693E-1	3.594717E+0
2.980000E-4	4.996712E-1	3.689171E+0
3.000000E-4	5.016730E-1	3.782867E+0
3.020000E-4	5.036748E-1	3.875787E+0
3.040000E-4	5.056766E-1	3.967915E+0
3.060000E-4	5.076784E-1	4.059236E+0
3.080000E-4	5.096803E-1	4.149737E+0
3.100000E-4	5.116821E-1	4.239404E+0
3.120000E-4	5.136839E-1	4.328227E+0
3.140000E-4	5.156857E-1	4.416196E+0
3.160000E-4	5.176875E-1	4.503302E+0
3.180000E-4	5.196894E-1	4.589538E+0
3.200000E-4	5.216912E-1	4.674896E+0
3.220000E-4	5.236930E-1	4.759372E+0
3.240000E-4	5.256948E-1	4.842960E+0
3.260000E-4	5.276966E-1	4.925658E+0
3.280000E-4	5.296985E-1	5.007462E+0
3.300000E-4	5.317003E-1	5.088370E+0
3.320000E-4	5.337021E-1	5.168383E+0
3.340000E-4	5.357039E-1	5.247498E+0
3.360000E-4	5.377057E-1	5.325717E+0
3.380000E-4	5.397076E-1	5.403041E+0
3.400000E-4	5.417094E-1	5.479472E+0
3.420000E-4	5.437112E-1	5.555012E+0
3.440000E-4	5.457130E-1	5.629663E+0
3.460000E-4	5.477148E-1	5.703431E+0
3.480000E-4	5.497167E-1	5.776318E+0
3.500000E-4	5.517185E-1	5.848329E+0
3.520000E-4	5.537203E-1	5.919468E+0
3.540000E-4	5.557221E-1	5.989742E+0
3.560000E-4	5.577239E-1	6.059156E+0
3.580000E-4	5.597258E-1	6.127716E+0
3.600000E-4	5.617276E-1	6.195428E+0
3.620000E-4	5.637294E-1	6.262298E+0
3.640000E-4	5.657312E-1	6.328334E+0
3.660000E-4	5.677330E-1	6.393543E+0
3.680000E-4	5.697348E-1	6.457931E+0
3.700000E-4	5.717367E-1	6.521506E+0
3.720000E-4	5.737385E-1	6.584276E+0
3.740000E-4	5.757403E-1	6.646248E+0
3.760000E-4	5.777421E-1	6.707430E+0
3.780000E-4	5.797439E-1	6.767831E+0
3.800000E-4	5.817458E-1	6.827457E+0
3.820000E-4	5.837476E-1	6.886318E+0
3.840000E-4	5.857494E-1	6.944421E+0
3.860000E-4	5.877512E-1	7.001775E+0
3.880000E-4	5.897530E-1	7.058388E+0
3.900000E-4	5.917549E-1	7.114267E+0
3.920000E-4	5.937567E-1	7.169423E+0
3.940000E-4	5.957585E-1	7.223862E+0
3.960000E-4	5.977603E-1	7.277593E+0
3.980000E-4	5.997621E-1	7.330626E+0
4.000000E-4	6.017640E-1	7.382967E+0
4.020000E-4	6.037658E-1	7.434625E+0
4.040000E-4	6.057676E-1	7.485610E+0
4.060000E-4	6.077694E-1	7.535929E+0
4.080000E-4	6.097712E-1	7.585591E+0
4.100000E-4	6.117731E-1	7.634604E+0
4.120000E-4	6.137749E-1	7.682977E+0
4.140000E-4	6.157767E-1	7.730718E+0
4.160000E-4	6.177785E-1	7.777837E+0
4.180000E-4	6.197803E-1	7.824340E+0
4.200000E-4	6.217822E-1	7.870238E+0
4.220000E-4	6.237840E-1	7.915538E+0
4.240000E-4	6.257858E-1	7.960250E+0
4.260000E-4	6.277876E-1	8.004381E+0
4.280000E-4	6.297894E-1	8.047942E+0
4.300000E-4	6.317913E-1	8.090940E+0
4.320000E-4	6.337931E-1	8.133384E+0
4.340000E-4	6.357949E-1	8.175283E+0
4.360000E-4	6.377967E-1	8.216647E+0
4.380000E-4	6.397985E-1	8.257484E+0
4.400000E-4	6.418004E-1	8.297803E+0
4.420000E-4	6.438022E-1	8.337614E+0
4.440000E-4	6.458040E-1	8.376926E+0
4.460000E-4	6.478058E-1	8.415747E+0
4.480000E-4	6.498076E-1	8.454089E+0
4.500000E-4	6.518095E-1	8.491959E+0
4.520000E-4	6.538113E-1	8.529367E+0
4.540000E-4	6.558131E-1	8.566324E+0
4.560000E-4	6.578149E-1	8.602838E+0
4.580000E-4	6.598167E-1	8.638920E+0
4.600000E-4	6.618186E-1	8.674580E+0
4.620000E-4	6.638204E-1	8.709826E+0
4.640000E-4	6.658222E-1	8.744670E+0
4.660000E-4	6.678240E-1	8.779121E+0
4.680000E-4	6.698258E-1	8.813190E+0
4.700000E-4	6.718277E-1	8.846885E+0
4.720000E-4	6.738295E-1	8.880218E+0
4.740000E-4	6.758313E-1	8.913199E+0
4.760000E-4	6.778331E-1	8.945837E+0
4.780000E-4	6.798349E-1	8.978143E+0
4.800000E-4	6.818368E-1	9.010126E+0
4.820000E-4	6.838386E-1	9.041797E+0
4.840000E-4	6.858404E-1	9.073166E+0
4.860000E-4	6.878422E-1	9.104243E+0
4.880000E-4	6.898440E-1	9.135037E+0
4.900000E-4	6.918459E-1	9.165558E+0
4.920000E-4	6.938477E-1	9.195816E+0
4.940000E-4	6.958495E-1	9.225820E+0
4.960000E-4	6.978513E-1	9.255580E+0
4.980000E-4	6.998531E-1	9.285104E+0
5.000000E-4	7.018550E-1	9.314402E+0
5.020000E-4	7.038568E-1	9.343482E+0
5.040000E-4	7.058586E-1	9.372353E+0
5.060000E-4	7.078604E-1	9.401023E+0
5.080000E-4	7.098622E-1	9.429500E+0
5.100000E-4	7.118641E-1	9.457793E+0
5.120000E-4	7.138659E-1	9.485907E+0
5.140000E-4	7.158677E-1	9.513851E+0
5.160000E-4	7.178695E-1	9.541631E+0
5.180000E-4	7.198713E-1	9.569253E+0
5.200000E-4	7.218732E-1	9.596725E+0
5.220000E-4	7.238750E-1	9.624051E+0
5.240000E-4	7.258768E-1	9.651237E+0
5.260000E-4	7.278786E-1	9.678289E+0
5.280000E-4	7.298804E-1	9.705210E+0
5.300000E-4	7.318823E-1	9.732006E+0
5.320000E-4	7.338841E-1	9.758679E+0
5.340000E-4	7.358859E-1	9.785235E+0
5.360000E-4	7.378877E-1	9.811675E+0
5.380000E-4	7.398895E-1	9.838002E+0
5.400000E-4	7.418914E-1	9.864219E+0
5.420000E-4	7.438932E-1	9.890329E+0
5.440000E-4	7.458950E-1	9.916331E+0
5.460000E-4	7.478968E-1	9.942229E+0
5.480000E-4	7.498986E-1	9.968022E+0
5.500000E-4	7.519005E-1	9.993711E+0
5.520000E-4	7.539023E-1	1.001930E+1
5.540000E-4	7.559041E-1	1.004478E+1
5.560000E-4	7.579059E-1	1.007016E+1
5.580000E-4	7.599077E-1	1.009543E+1
5.600000E-4	7.619096E-1	1.012060E+1
5.620000E-4	7.639114E-1	1.014566E+1
5.640000E-4	7.659132E-1	1.017061E+1
5.660000E-4	7.679150E-1	1.019546E+1
5.680000E-4	7.699168E-1	1.022019E+1
5.700000E-4	7.719187E-1	1.024481E+1
5.720000E-4	7.739205E-1	1.026932E+1
5.740000E-4	7.759223E-1	1.029371E+1
5.760000E-4	7.779241E-1	1.031798E+1
5.780000E-4	7.799259E-1	1.034213E+1
5.800000E-4	7.819278E-1	1.036616E+1
5.820000E-4	7.839296E-1	1.039006E+1
5.840000E-4	7.859314E-1	1.041385E+1
5.860000E-4	7.879332E-1	1.043750E+1
5.880000E-4	7.899350E-1	1.046103E+1
5.900000E-4	7.919369E-1	1.048444E+1
5.920000E-4	7.939387E-1	1.050771E+1
5.940000E-4	7.959405E-1	1.053086E+1
5.960000E-4	7.979423E-1	1.055388E+1
5.980000E-4	7.999441E-1	1.057678E+1
6.000000E-4	8.019460E-1	1.059955E+1
6.020000E-4	8.039478E-1	1.062220E+1
6.040000E-4	8.059496E-1	1.064473E+1
6.060000E-4	8.079514E-1	1.066715E+1
6.080000E-4	8.099532E-1	1.068946E+1
6.100000E-4	8.119551E-1	1.071166E+1
6.120000E-4	8.139569E-1	1.073377E+1
6.140000E-4	8.159587E-1	1.075578E+1
6.160000E-4	8.179605E-1	1.077771E+1
6.180000E-4	8.199623E-1	1.079957E+1
6.200000E-4	8.219641E-1	1.082137E+1
6.220000E-4	8.239660E-1	1.084311E+1
6.240000E-4	8.259678E-1	1.086482E+1
6.260000E-4	8.279696E-1	1.088650E+1
6.280000E-4	8.299714E-1	1.090817E+1
6.300000E-4	8.319732E-1	1.092984E+1
6.320000E-4	8.339751E-1	1.095155E+1
6.340000E-4	8.359769E-1	1.097329E+1
6.360000E-4	8.379787E-1	1.099511E+1
6.380000E-4	8.399805E-1	1.101701E+1
6.400000E-4	8.419823E-1	1.103902E+1
6.420000E-4	8.439842E-1	1.106117E+1
6.440000E-4	8.459860E-1	1.108348E+1
6.460000E-4	8.479878E-1	1.110599E+1
6.480000E-4	8.499896E-1	1.112872E+1
6.500000E-4	8.519914E-1	1.115171E+1
6.520000E-4	8.539933E-1	1.117499E+1
6.540000E-4	8.559951E-1	1.119859E+1
6.560000E-4	8.579969E-1	1.122255E+1
6.580000E-4	8.599987E-1	1.124691E+1
6.600000E-4	8.620005E-1	1.127171E+1
6.620000E-4	8.640024E-1	1.129700E+1
6.640000E-4	8.660042E-1	1.132281E+1
6.660000E-4	8.680060E-1	1.134920E+1
6.680000E-4	8.700078E-1	1.137620E+1
6.700000E-4	8.720096E-1	1.140387E+1
6.720000E-4	8.740115E-1	1.143226E+1
6.740000E-4	8.760133E-1	1.146142E+1
6.760000E-4	8.780151E-1	1.149140E+1
6.780000E-4	8.800169E-1	1.152225E+1
6.800000E-4	8.820187E-1	1.155404E+1
6.820000E-4	8.840206E-1	1.158682E+1
6.840000E-4	8.860224E-1	1.162065E+1
6.860000E-4	8.880242E-1	1.165558E+1
6.880000E-4	8.900260E-1	1.169168E+1
6.900000E-4	8.920278E-1	1.172901E+1
6.920000E-4	8.940297E-1	1.176763E+1
6.940000E-4	8.960315E-1	1.180760E+1
6.960000E-4	8.980333E-1	1.184898E+1
6.980000E-4	9.000351E-1	1.189185E+1
7.000000E-4	9.020369E-1	1.193626E+1
7.020000E-4	9.040388E-1	1.198228E+1
7.040000E-4	9.060406E-1	1.202998E+1
7.060000E-4	9.080424E-1	1.207941E+1
7.080000E-4	9.100442E-1	1.213064E+1
7.100000E-4	9.120460E-1	1.218374E+1
7.120000E-4	9.140479E-1	1.223876E+1
7.140000E-4	9.160497E-1	1.229578E+1
7.160000E-4	9.180515E-1	1.235485E+1
7.180000E-4	9.200533E-1	1.241603E+1
7.200000E-4	9.220551E-1	1.247938E+1
7.220000E-4	9.240570E-1	1.254496E+1
7.240000E-4	9.260588E-1	1.261283E+1
7.260000E-4	9.280606E-1	1.268304E+1
7.280000E-4	9.300624E-1	1.275563E+1
7.300000E-4	9.320642E-1	1.283067E+1
7.320000E-4	9.340661E-1	1.290820E+1
7.340000E-4	9.360679E-1	1.298826E+1
7.360000E-4	9.380697E-1	1.307089E+1
7.380000E-4	9.400715E-1	1.315614E+1
7.400000E-4	9.420733E-1	1.324404E+1
7.420000E-4	9.440752E-1	1.333462E+1
7.440000E-4	9.460770E-1	1.342790E+1
7.460000E-4	9.480788E-1	1.352392E+1
7.480000E-4	9.500806E-1	1.362269E+1
7.500000E-4	9.520824E-1	1.372423E+1
7.520000E-4	9.540843E-1	1.382854E+1
7.540000E-4	9.560861E-1	1.393564E+1
7.560000E-4	9.580879E-1	1.404552E+1
7.580000E-4	9.600897E-1	1.415819E+1
7.600000E-4	9.620915E-1	1.427363E+1
7.620000E-4	9.640934E-1	1.439182E+1
7.640000E-4	9.660952E-1	1.451275E+1
7.660000E-4	9.680970E-1	1.463639E+1
7.680000E-4	9.700988E-1	1.476270E+1
7.700000E-4	9.721006E-1	1.489166E+1
7.720000E-4	9.741025E-1	1.502320E+1
7.740000E-4	9.761043E-1	1.515729E+1
7.760000E-4	9.781061E-1	1.529385E+1
7.780000E-4	9.801079E-1	1.543284E+1
7.800000E-4	9.821097E-1	1.557417E+1
7.820000E-4	9.841116E-1	1.571777E+1
7.840000E-4	9.861134E-1	1.586356E+1
7.860000E-4	9.881152E-1	1.601143E+1
7.880000E-4	9.901170E-1	1.616130E+1
7.900000E-4	9.921188E-1	1.631305E+1
7.920000E-4	9.941207E-1	1.646658E+1
7.940000E-4	9.961225E-1	1.662177E+1
7.960000E-4	9.981243E-1	1.677848E+1
7.980000E-4	9.998739E-1	1.693659E+1
8.000000E-4	9.978721E-1	1.709595E+1
8.020000E-4	9.958702E-1	1.725642E+1
8.040000E-4	9.938684E-1	1.741785E+1
8.060000E-4	9.918666E-1	1.758008E+1
8.080000E-4	9.898648E-1	1.774295E+1
8.100000E-4	9.878630E-1	1.790628E+1
8.120000E-4	9.858611E-1	1.806989E+1
8.140000E-4	9.838593E-1	1.823361E+1
8.160000E-4	9.818575E-1	1.839725E+1
8.180000E-4	9.798557E-1	1.856061E+1
8.200000E-4	9.778539E-1	1.872351E+1
8.220000E-4	9.758520E-1	1.888573E+1
8.240000E-4	9.738502E-1	1.904709E+1
8.260000E-4	9.718484E-1	1.920736E+1
8.280000E-4	9.698466E-1	1.936633E+1
8.300000E-4	9.678448E-1	1.952380E+1
8.320000E-4	9.658429E-1	1.967955E+1
8.340000E-4	9.638411E-1	1.983336E+1
8.360000E-4	9.618393E-1	1.998500E+1
8.380000E-4	9.598375E-1	2.013427E+1
8.400000E-4	9.578357E-1	2.028093E+1
8.420000E-4	9.558338E-1	2.042477E+1
8.440000E-4	9.538320E-1	2.056557E+1
8.460000E-4	9.518302E-1	2.070311E+1
8.480000E-4	9.498284E-1	2.083716E+1
8.500000E-4	9.478266E-1	2.096752E+1
8.520000E-4	9.458247E-1	2.109397E+1
8.540000E-4	9.438229E-1	2.121630E+1
8.560000E-4	9.418211E-1	2.133431E+1
8.580000E-4	9.398193E-1	2.144779E+1
8.600000E-4	9.378175E-1	2.155654E+1
8.620000E-4	9.358157E-1	2.166037E+1
8.640000E-4	9.338138E-1	2.175910E+1
8.660000E-4	9.318120E-1	2.185254E+1
8.680000E-4	9.298102E-1	2.194052E+1
8.700000E-4	9.278084E-1	2.202287E+1
8.720000E-4	9.258066E-1	2.209943E+1
8.740000E-4	9.238047E-1	2.217005E+1
8.760000E-4	9.218029E-1	2.223459E+1
8.780000E-4	9.198011E-1	2.229292E+1
8.800000E-4	9.177993E-1	2.234489E+1
8.820000E-4	9.157975E-1	2.239041E+1
8.840000E-4	9.137956E-1	2.242937E+1
8.860000E-4	9.117938E-1	2.246166E+1
8.880000E-4	9.097920E-1	2.248720E+1
8.900000E-4	9.077902E-1	2.250592E+1
8.920000E-4	9.057884E-1	2.251775E+1
8.940000E-4	9.037865E-1	2.252264E+1
8.960000E-4	9.017847E-1	2.252054E+1
8.980000E-4	8.997829E-1	2.251142E+1
9.000000E-4	8.977811E-1	2.249527E+1
9.020000E-4	8.957793E-1	2.247206E+1
9.040000E-4	8.937774E-1	2.244182E+1
9.060000E-4	8.917756E-1	2.240453E+1
9.080000E-4	8.897738E-1	2.236025E+1
9.100000E-4	8.877720E-1	2.230898E+1
9.120000E-4	8.857702E-1	2.225080E+1
9.140000E-4	8.837683E-1	2.218574E+1
9.160000E-4	8.817665E-1	2.211388E+1
9.180000E-4	8.797647E-1	2.203531E+1
9.200000E-4	8.777629E-1	2.195009E+1
9.220000E-4	8.757611E-1	2.185835E+1
9.240000E-4	8.737592E-1	2.176018E+1
9.260000E-4	8.717574E-1	2.165570E+1
9.280000E-4	8.697556E-1	2.154504E+1
9.300000E-4	8.677538E-1	2.142834E+1
9.320000E-4	8.657520E-1	2.130574E+1
9.340000E-4	8.637501E-1	2.117739E+1
9.360000E-4	8.617483E-1	2.104346E+1
9.380000E-4	8.597465E-1	2.090411E+1
9.400000E-4	8.577447E-1	2.075951E+1
9.420000E-4	8.557429E-1	2.060985E+1
9.440000E-4	8.537410E-1	2.045531E+1
9.460000E-4	8.517392E-1	2.029609E+1
9.480000E-4	8.497374E-1	2.013238E+1
9.500000E-4	8.477356E-1	1.996439E+1
9.520000E-4	8.457338E-1	1.979231E+1
9.540000E-4	8.437319E-1	1.961637E+1
9.560000E-4	8.417301E-1	1.943677E+1
9.580000E-4	8.397283E-1	1.925372E+1
9.600000E-4	8.377265E-1	1.906745E+1
9.620000E-4	8.357247E-1	1.887818E+1
9.640000E-4	8.337228E-1	1.868612E+1
9.660000E-4	8.317210E-1	1.849150E+1
9.680000E-4	8.297192E-1	1.829454E+1
9.700000E-4	8.277174E-1	1.809545E+1
9.720000E-4	8.257156E-1	1.789447E+1
9.740000E-4	8.237137E-1	1.769180E+1
9.760000E-4	8.217119E-1	1.748768E+1
9.780000E-4	8.197101E-1	1.728231E+1
9.800000E-4	8.177083E-1	1.707591E+1
9.820000E-4	8.157065E-1	1.686869E+1
9.840000E-4	8.137046E-1	1.666086E+1
9.860000E-4	8.117028E-1	1.645263E+1
9.880000E-4	8.097010E-1	1.624420E+1
9.900000E-4	8.076992E-1	1.603576E+1
9.920000E-4	8.056974E-1	1.582752E+1
9.940000E-4	8.036955E-1	1.561965E+1
9.960000E-4	8.016937E-1	1.541235E+1
9.980000E-4	7.996919E-1	1.520579E+1
1.000000E-3	7.976901E-1	1.500014E+1
1.002000E-3	7.956883E-1	1.479559E+1
1.004000E-3	7.936864E-1	1.459228E+1
1.006000E-3	7.916846E-1	1.439037E+1
1.008000E-3	7.896828E-1	1.419003E+1
1.010000E-3	7.876810E-1	1.399138E+1
1.012000E-3	7.856792E-1	1.379458E+1
1.014000E-3	7.836773E-1	1.359975E+1
1.016000E-3	7.816755E-1	1.340701E+1
1.018000E-3	7.796737E-1	1.321649E+1
1.020000E-3	7.776719E-1	1.302829E+1
1.022000E-3	7.756701E-1	1.284253E+1
1.024000E-3	7.736682E-1	1.265931E+1
1.026000E-3	7.716664E-1	1.247870E+1
1.028000E-3	7.696646E-1	1.230081E+1
1.030000E-3	7.676628E-1	1.212570E+1
1.032000E-3	7.656610E-1	1.195346E+1
1.034000E-3	7.636591E-1	1.178414E+1
1.036000E-3	7.616573E-1	1.161780E+1
1.038000E-3	7.596555E-1	1.145450E+1
1.040000E-3	7.576537E-1	1.129429E+1
1.042000E-3	7.556519E-1	1.113719E+1
1.044000E-3	7.536500E-1	1.098325E+1
1.046000E-3	7.516482E-1	1.083249E+1
1.048000E-3	7.496464E-1	1.068494E+1
1.050000E-3	7.476446E-1	1.054060E+1
1.052000E-3	7.456428E-1	1.039950E+1
1.054000E-3	7.436409E-1	1.026163E+1
1.056000E-3	7.416391E-1	1.012699E+1
1.058000E-3	7.396373E-1	9.995584E+0
1.060000E-3	7.376355E-1	9.867392E+0
1.062000E-3	7.356337E-1	9.742401E+0
1.064000E-3	7.336318E-1	9.620591E+0
1.066000E-3	7.316300E-1	9.501937E+0
1.068000E-3	7.296282E-1	9.386410E+0
1.070000E-3	7.276264E-1	9.273977E+0
1.072000E-3	7.256246E-1	9.164602E+0
1.074000E-3	7.236227E-1	9.058244E+0
1.076000E-3	7.216209E-1	8.954861E+0
1.078000E-3	7.196191E-1	8.854404E+0
1.080000E-3	7.176173E-1	8.756824E+0
1.082000E-3	7.156155E-1	8.662068E+0
1.084000E-3	7.136136E-1	8.570081E+0
1.086000E-3	7.116118E-1	8.480807E+0
1.088000E-3	7.096100E-1	8.394184E+0
1.090000E-3	7.076082E-1	8.310151E+0
1.092000E-3	7.056064E-1	8.228645E+0
1.094000E-3	7.036045E-1	8.149601E+0
1.096000E-3	7.016027E-1	8.072952E+0
1.098000E-3	6.996009E-1	7.998631E+0
1.100000E-3	6.975991E-1	7.926570E+0
1.102000E-3	6.955973E-1	7.856698E+0
1.104000E-3	6.935955E-1	7.788945E+0
1.106000E-3	6.915936E-1	7.723242E+0
1.108000E-3	6.895918E-1	7.659518E+0
1.110000E-3	6.875900E-1	7.597700E+0
1.112000E-3	6.855882E-1	7.537719E+0
1.114000E-3	6.835864E-1	7.479504E+0
1.116000E-3	6.815845E-1	7.422983E+0
1.118000E-3	6.795827E-1	7.368087E+0
1.120000E-3	6.775809E-1	7.314746E+0
1.122000E-3	6.755791E-1	7.262892E+0
1.124000E-3	6.735773E-1	7.212455E+0
1.126000E-3	6.715754E-1	7.163370E+0
1.128000E-3	6.695736E-1	7.115569E+0
1.130000E-3	6.675718E-1	7.068988E+0
1.132000E-3	6.655700E-1	7.023563E+0
1.134000E-3	6.635682E-1	6.979231E+0
1.136000E-3	6.615663E-1	6.935931E+0
1.138000E-3	6.595645E-1	6.893604E+0
1.140000E-3	6.575627E-1	6.852191E+0
1.142000E-3	6.555609E-1	6.811635E+0
1.144000E-3	6.535591E-1	6.771881E+0
1.146000E-3	6.515572E-1	6.732877E+0
1.148000E-3	6.495554E-1	6.694570E+0
1.150000E-3	6.475536E-1	6.656910E+0
1.152000E-3	6.455518E-1	6.619850E+0
1.154000E-3	6.435500E-1	6.583343E+0
1.156000E-3	6.415481E-1	6.547345E+0
1.158000E-3	6.395463E-1	6.511813E+0
1.160000E-3	6.375445E-1	6.476706E+0
1.162000E-3	6.355427E-1	6.441986E+0
1.164000E-3	6.335409E-1	6.407616E+0
1.166000E-3	6.315390E-1	6.373561E+0
1.168000E-3	6.295372E-1	6.339786E+0
1.170000E-3	6.275354E-1	6.306262E+0
1.172000E-3	6.255336E-1	6.272959E+0
1.174000E-3	6.235318E-1	6.239848E+0
1.176000E-3	6.215299E-1	6.206904E+0
1.178000E-3	6.195281E-1	6.174104E+0
1.180000E-3	6.175263E-1	6.141424E+0
1.182000E-3	6.155245E-1	6.108844E+0
1.184000E-3	6.135227E-1	6.076345E+0
1.186000E-3	6.115208E-1	6.043910E+0
1.188000E-3	6.095190E-1	6.011523E+0
1.190000E-3	6.075172E-1	5.979171E+0
1.192000E-3	6.055154E-1	5.946840E+0
1.194000E-3	6.035136E-1	5.914520E+0
1.196000E-3	6.015117E-1	5.882200E+0
1.198000E-3	5.995099E-1	5.849874E+0
1.200000E-3	5.975081E-1	5.817533E+0
1.202000E-3	5.955063E-1	5.785173E+0
1.204000E-3	5.935045E-1	5.752788E+0
1.206000E-3	5.915026E-1	5.720377E+0
1.208000E-3	5.895008E-1	5.687936E+0
1.210000E-3	5.874990E-1	5.655465E+0
1.212000E-3	5.854972E-1	5.622964E+0
1.214000E-3	5.834954E-1	5.590434E+0
1.216000E-3	5.814935E-1	5.557877E+0
1.218000E-3	5.794917E-1	5.525295E+0
1.220000E-3	5.774899E-1	5.492694E+0
1.222000E-3	5.754881E-1	5.460076E+0
1.224000E-3	5.734863E-1	5.427447E+0
1.226000E-3	5.714844E-1	5.394812E+0
1.228000E-3	5.694826E-1	5.362179E+0
1.230000E-3	5.674808E-1	5.329554E+0
1.232000E-3	5.654790E-1	5.296943E+0
1.234000E-3	5.634772E-1	5.264356E+0
1.236000E-3	5.614753E-1	5.231800E+0
1.238000E-3	5.594735E-1	5.199284E+0
1.240000E-3	5.574717E-1	5.166816E+0
1.242000E-3	5.554699E-1	5.134406E+0
1.244000E-3	5.534681E-1	5.102062E+0
1.246000E-3	5.514662E-1	5.069795E+0
1.248000E-3	5.494644E-1	5.037614E+0
1.250000E-3	5.474626E-1	5.005527E+0
1.252000E-3	5.454608E-1	4.973546E+0
1.254000E-3	5.434590E-1	4.941679E+0
1.256000E-3	5.414571E-1	4.909936E+0
1.258000E-3	5.394553E-1	4.878327E+0
1.260000E-3	5.374535E-1	4.846861E+0
1.262000E-3	5.354517E-1	4.815546E+0
1.264000E-3	5.334499E-1	4.784394E+0
1.266000E-3	5.314480E-1	4.753411E+0
1.268000E-3	5.294462E-1	4.722607E+0
1.270000E-3	5.274444E-1	4.691990E+0
1.272000E-3	5.254426E-1	4.661569E+0
1.274000E-3	5.234408E-1	4.631351E+0
1.276000E-3	5.214389E-1	4.601343E+0
1.278000E-3	5.194371E-1	4.571554E+0
1.280000E-3	5.174353E-1	4.541989E+0
1.282000E-3	5.154335E-1	4.512655E+0
1.284000E-3	5.134317E-1	4.483558E+0
1.286000E-3	5.114298E-1	4.454705E+0
1.288000E-3	5.094280E-1	4.426099E+0
1.290000E-3	5.074262E-1	4.397747E+0
1.292000E-3	5.054244E-1	4.369652E+0
1.294000E-3	5.034226E-1	4.341819E+0
1.296000E-3	5.014207E-1	4.314251E+0
1.298000E-3	4.994189E-1	4.286952E+0
1.300000E-3	4.974171E-1	4.259923E+0
1.302000E-3	4.954153E-1	4.233168E+0
1.304000E-3	4.934135E-1	4.206688E+0
1.306000E-3	4.914116E-1	4.180485E+0
1.308000E-3	4.894098E-1	4.154560E+0
1.310000E-3	4.874080E-1	4.128912E+0
1.312000E-3	4.854062E-1	4.103543E+0
1.314000E-3	4.834044E-1	4.078451E+0
1.316000E-3	4.814025E-1	4.053637E+0
1.318000E-3	4.794007E-1	4.029098E+0
1.320000E-3	4.773989E-1	4.004834E+0
1.322000E-3	4.753971E-1	3.980842E+0
1.324000E-3	4.733953E-1	3.957120E+0
1.326000E-3	4.713934E-1	3.933666E+0
1.328000E-3	4.693916E-1	3.910475E+0
1.330000E-3	4.673898E-1	3.887545E+0
1.332000E-3	4.653880E-1	3.864872E+0
1.334000E-3	4.633862E-1	3.842451E+0
1.336000E-3	4.613843E-1	3.820279E+0
1.338000E-3	4.593825E-1	3.798350E+0
1.340000E-3	4.573807E-1	3.776660E+0
1.342000E-3	4.553789E-1	3.755202E+0
1.344000E-3	4.533771E-1	3.733972E+0
1.346000E-3	4.513753E-1	3.712963E+0
1.348000E-3	4.493734E-1	3.692169E+0
1.350000E-3	4.473716E-1	3.671585E+0
1.352000E-3	4.453698E-1	3.651203E+0
1.354000E-3	4.433680E-1	3.631017E+0
1.356000E-3	4.413662E-1	3.611021E+0
1.358000E-3	4.393643E-1	3.591206E+0
1.360000E-3	4.373625E-1	3.571566E+0
1.362000E-3	4.353607E-1	3.552094E+0
1.364000E-3	4.333589E-1	3.532783E+0
1.366000E-3	4.313571E-1	3.513624E+0
1.368000E-3	4.293552E-1	3.494611E+0
1.370000E-3	4.273534E-1	3.475737E+0
1.372000E-3	4.253516E-1	3.456993E+0
1.374000E-3	4.233498E-1	3.438372E+0
1.376000E-3	4.213480E-1	3.419866E+0
1.378000E-3	4.193461E-1	3.401469E+0
1.380000E-3	4.173443E-1	3.383173E+0
1.382000E-3	4.153425E-1	3.364969E+0
1.384000E-3	4.133407E-1	3.346852E+0
1.386000E-3	4.113389E-1	3.328813E+0
1.388000E-3	4.093370E-1	3.310846E+0
1.390000E-3	4.073352E-1	3.292944E+0
1.392000E-3	4.053334E-1	3.275099E+0
1.394000E-3	4.033316E-1	3.257305E+0
1.396000E-3	4.013298E-1	3.239555E+0
1.398000E-3	3.993279E-1	3.221842E+0
1.400000E-3	3.973261E-1	3.204161E+0
1.402000E-3	3.953243E-1	3.186505E+0
1.404000E-3	3.933225E-1	3.168869E+0
1.406000E-3	3.913207E-1	3.151245E+0
1.408000E-3	3.893188E-1	3.133629E+0
1.410000E-3	3.873170E-1	3.116015E+0
1.412000E-3	3.853152E-1	3.098398E+0
1.414000E-3	3.833134E-1	3.080773E+0
1.416000E-3	3.813116E-1	3.063134E+0
1.418000E-3	3.793097E-1	3.045478E+0
1.420000E-3	3.773079E-1	3.027799E+0
1.422000E-3	3.753061E-1	3.010094E+0
1.424000E-3	3.733043E-1	2.992358E+0
1.426000E-3	3.713025E-1	2.974587E+0
1.428000E-3	3.693006E-1	2.956777E+0
1.430000E-3	3.672988E-1	2.938926E+0
1.432000E-3	3.652970E-1	2.921029E+0
1.434000E-3	3.632952E-1	2.903083E+0
1.436000E-3	3.612934E-1	2.885086E+0
1.438000E-3	3.592915E-1	2.867035E+0
1.440000E-3	3.572897E-1	2.848926E+0
1.442000E-3	3.552879E-1	2.830757E+0
1.444000E-3	3.532861E-1	2.812526E+0
1.446000E-3	3.512843E-1	2.794231E+0
1.448000E-3	3.492824E-1	2.775869E+0
1.450000E-3	3.472806E-1	2.757439E+0
1.452000E-3	3.452788E-1	2.738938E+0
1.454000E-3	3.432770E-1	2.720366E+0
1.456000E-3	3.412752E-1	2.701719E+0
1.458000E-3	3.392733E-1	2.682997E+0
1.460000E-3	3.372715E-1	2.664197E+0
1.462000E-3	3.352697E-1	2.645320E+0
1.464000E-3	3.332679E-1	2.626362E+0
1.466000E-3	3.312661E-1	2.607323E+0
1.468000E-3	3.292642E-1	2.588202E+0
1.470000E-3	3.272624E-1	2.568997E+0
1.472000E-3	3.252606E-1	2.549707E+0
1.474000E-3	3.232588E-1	2.530331E+0
1.476000E-3	3.212570E-1	2.510866E+0
1.478000E-3	3.192551E-1	2.491313E+0
1.480000E-3	3.172533E-1	2.471670E+0
1.482000E-3	3.152515E-1	2.451935E+0
1.484000E-3	3.132497E-1	2.432106E+0
1.486000E-3	3.112479E-1	2.412183E+0
1.488000E-3	3.092460E-1	2.392164E+0
1.490000E-3	3.072442E-1	2.372046E+0
1.492000E-3	3.052424E-1	2.351829E+0
1.494000E-3	3.032406E-1	2.331510E+0
1.496000E-3	3.012388E-1	2.311088E+0
1.498000E-3	2.992369E-1	2.290559E+0
1.500000E-3	2.972351E-1	2.269922E+0
1.502000E-3	2.952333E-1	2.249174E+0
1.504000E-3	2.932315E-1	2.228313E+0
1.506000E-3	2.912297E-1	2.207336E+0
1.508000E-3	2.892278E-1	2.186240E+0
1.510000E-3	2.872260E-1	2.165022E+0
1.512000E-3	2.852242E-1	2.143678E+0
1.514000E-3	2.832224E-1	2.122205E+0
1.516000E-3	2.812206E-1	2.100600E+0
1.518000E-3	2.792187E-1	2.078858E+0
1.520000E-3	2.772169E-1	2.056975E+0
1.522000E-3	2.752151E-1	2.034948E+0
1.524000E-3	2.732133E-1	2.012771E+0
1.526000E-3	2.712115E-1	1.990440E+0
1.528000E-3	2.692096E-1	1.967950E+0
1.530000E-3	2.672078E-1	1.945296E+0
1.532000E-3	2.652060E-1	1.922472E+0
1.534000E-3	2.632042E-1	1.899475E+0
1.536000E-3	2.612024E-1	1.876296E+0
1.538000E-3	2.592005E-1	1.852932E+0
1.540000E-3	2.571987E-1	1.829376E+0
1.542000E-3	2.551969E-1	1.805621E+0
1.544000E-3	2.531951E-1	1.781663E+0
1.546000E-3	2.511933E-1	1.757493E+0
1.548000E-3	2.491914E-1	1.733106E+0
1.550000E-3	2.471896E-1	1.708495E+0
1.552000E-3	2.451878E-1	1.683654E+0
1.554000E-3	2.431860E-1	1.658575E+0
1.556000E-3	2.411842E-1	1.633251E+0
1.558000E-3	2.391823E-1	1.607676E+0
1.560000E-3	2.371805E-1	1.581843E+0
1.562000E-3	2.351787E-1	1.555745E+0
1.564000E-3	2.331769E-1	1.529374E+0
1.566000E-3	2.311751E-1	1.502724E+0
1.568000E-3	2.291732E-1	1.475789E+0
1.570000E-3	2.271714E-1	1.448560E+0
1.572000E-3	2.251696E-1	1.421031E+0
1.574000E-3	2.231678E-1	1.393197E+0
1.576000E-3	2.211660E-1	1.365049E+0
1.578000E-3	2.191641E-1	1.336583E+0
1.580000E-3	2.171623E-1	1.307791E+0
1.582000E-3	2.151605E-1	1.278669E+0
1.584000E-3	2.131587E-1	1.249210E+0
1.586000E-3	2.111569E-1	1.219410E+0
1.588000E-3	2.091551E-1	1.189263E+0
1.590000E-3	2.071532E-1	1.158765E+0
1.592000E-3	2.051514E-1	1.127911E+0
1.594000E-3	2.031496E-1	1.096698E+0
1.596000E-3	2.011478E-1	1.065122E+0
1.598000E-3	1.991460E-1	1.033181E+0
1.600000E-3	1.971441E-1	1.000873E+0
1.602000E-3	1.951423E-1	9.681946E-1
1.604000E-3	1.931405E-1	9.351461E-1
1.606000E-3	1.911387E-1	9.017265E-1
1.608000E-3	1.891369E-1	8.679360E-1
1.610000E-3	1.871350E-1	8.337755E-1
1.612000E-3	1.851332E-1	7.992467E-1
1.614000E-3	1.831314E-1	7.643519E-1
1.616000E-3	1.811296E-1	7.290943E-1
1.618000E-3	1.791278E-1	6.934779E-1
1.620000E-3	1.771259E-1	6.575079E-1
1.622000E-3	1.751241E-1	6.211899E-1
1.624000E-3	1.731223E-1	5.845309E-1
1.626000E-3	1.711205E-1	5.475385E-1
1.628000E-3	1.691187E-1	5.102218E-1
1.630000E-3	1.671168E-1	4.725904E-1
1.632000E-3	1.651150E-1	4.346554E-1
1.634000E-3	1.631132E-1	3.964289E-1
1.636000E-3	1.611114E-1	3.579239E-1
1.638000E-3	1.591096E-1	3.191549E-1
1.640000E-3	1.571077E-1	2.801374E-1
1.642000E-3	1.551059E-1	2.408881E-1
1.644000E-3	1.531041E-1	2.014249E-1
1.646000E-3	1.511023E-1	1.617670E-1
1.648000E-3	1.491005E-1	1.219348E-1
1.650000E-3	1.470986E-1	8.195004E-2
1.652000E-3	1.450968E-1	4.183561E-2
1.654000E-3	1.430950E-1	1.615755E-3
1.656000E-3	1.410932E-1	-3.868402E-2
1.658000E-3	1.390914E-1	-7.903692E-2
1.660000E-3	1.370895E-1	-1.194149E-1
1.662000E-3	1.350877E-1	-1.597886E-1
1.664000E-3	1.330859E-1	-2.001274E-1
1.666000E-3	1.310841E-1	-2.403994E-1
1.668000E-3	1.290823E-1	-2.805716E-1
1.670000E-3	1.270804E-1	-3.206096E-1
1.672000E-3	1.250786E-1	-3.604778E-1
1.674000E-3	1.230768E-1	-4.001396E-1
1.676000E-3	1.210750E-1	-4.395570E-1
1.678000E-3	1.190732E-1	-4.786911E-1
1.680000E-3	1.170713E-1	-5.175019E-1
1.682000E-3	1.150695E-1	-5.559481E-1
1.684000E-3	1.130677E-1	-5.939878E-1
1.686000E-3	1.110659E-1	-6.315777E-1
1.688000E-3	1.090641E-1	-6.686741E-1
1.690000E-3	1.070622E-1	-7.052320E-1
1.692000E-3	1.050604E-1	-7.412058E-1
1.694000E-3	1.030586E-1	-7.765493E-1
1.696000E-3	1.010568E-1	-8.112156E-1
1.698000E-3	9.905496E-2	-8.451570E-1
1.700000E-3	9.705314E-2	-8.783256E-1
1.702000E-3	9.505132E-2	-9.106730E-1
1.704000E-3	9.304950E-2	-9.421503E-1
1.706000E-3	9.104768E-2	-9.727085E-1
1.708000E-3	8.904586E-2	-1.002299E+0
1.710000E-3	8.704404E-2	-1.030871E+0
1.712000E-3	8.504222E-2	-1.058377E+0
1.714000E-3	8.304040E-2	-1.084768E+0
1.716000E-3	8.103858E-2	-1.109994E+0
1.718000E-3	7.903676E-2	-1.134008E+0
1.720000E-3	7.703494E-2	-1.156762E+0
1.722000E-3	7.503312E-2	-1.178207E+0
1.724000E-3	7.303130E-2	-1.198299E+0
1.726000E-3	7.102948E-2	-1.216991E+0
1.728000E-3	6.902766E-2	-1.234239E+0
1.730000E-3	6.702584E-2	-1.250000E+0
1.732000E-3	6.502402E-2	-1.264230E+0
1.734000E-3	6.302220E-2	-1.276890E+0
1.736000E-3	6.102038E-2	-1.287940E+0
1.738000E-3	5.901856E-2	-1.297342E+0
1.740000E-3	5.701674E-2	-1.305062E+0
1.742000E-3	5.501492E-2	-1.311064E+0
1.744000E-3	5.301310E-2	-1.315317E+0
1.746000E-3	5.101128E-2	-1.317792E+0
1.748000E-3	4.900946E-2	-1.318462E+0
1.750000E-3	4.700764E-2	-1.317302E+0
1.752000E-3	4.500582E-2	-1.314290E+0
1.754000E-3	4.300400E-2	-1.309407E+0
1.756000E-3	4.100218E-2	-1.302637E+0
1.758000E-3	3.900036E-2	-1.293967E+0
1.760000E-3	3.699854E-2	-1.283386E+0
1.762000E-3	3.499672E-2	-1.270889E+0
1.764000E-3	3.299490E-2	-1.256472E+0
1.766000E-3	3.099308E-2	-1.240137E+0
1.768000E-3	2.899126E-2	-1.221886E+0
1.770000E-3	2.698944E-2	-1.201728E+0
1.772000E-3	2.498763E-2	-1.179676E+0
1.774000E-3	2.298581E-2	-1.155745E+0
1.776000E-3	2.098399E-2	-1.129955E+0
1.778000E-3	1.898217E-2	-1.102332E+0
1.780000E-3	1.698035E-2	-1.072904E+0
1.782000E-3	1.497853E-2	-1.041705E+0
1.784000E-3	1.297671E-2	-1.008771E+0
1.786000E-3	1.097489E-2	-9.741469E-1
1.788000E-3	8.973066E-3	-9.378784E-1
1.790000E-3	6.971247E-3	-9.000176E-1
1.792000E-3	4.969427E-3	-8.606211E-1
1.794000E-3	2.967607E-3	-8.197502E-1
1.796000E-3	9.657871E-4	-7.774710E-1
1.798000E-3	-1.036033E-3	-7.338544E-1
1.800000E-3	-3.037853E-3	-6.889763E-1
1.802000E-3	-5.039672E-3	-6.429172E-1
1.804000E-3	-7.041492E-3	-5.957624E-1
1.806000E-3	-9.043312E-3	-5.476020E-1
1.808000E-3	-1.104513E-2	-4.985308E-1
1.810000E-3	-1.304695E-2	-4.486482E-1
1.812000E-3	-1.504877E-2	-3.980583E-1
1.814000E-3	-1.705059E-2	-3.468695E-1
1.816000E-3	-1.905241E-2	-2.951947E-1
1.818000E-3	-2.105423E-2	-2.431510E-1
1.820000E-3	-2.305605E-2	-1.908597E-1
1.822000E-3	-2.505787E-2	-1.384462E-1
1.824000E-3	-2.705969E-2	-8.603946E-2
1.826000E-3	-2.906151E-2	-3.377243E-2
1.828000E-3	-3.106333E-2	1.821862E-2
1.830000E-3	-3.306515E-2	6.979408E-2
1.832000E-3	-3.506697E-2	1.208113E-1
1.834000E-3	-3.706879E-2	1.711246E-1
1.836000E-3	-3.907061E-2	2.205860E-1
1.838000E-3	-4.107243E-2	2.690449E-1
1.840000E-3	-4.307425E-2	3.163486E-1
1.842000E-3	-4.507607E-2	3.623429E-1
1.844000E-3	-4.707789E-2	4.068716E-1
1.846000E-3	-4.907971E-2	4.497778E-1
1.848000E-3	-5.108153E-2	4.909034E-1
1.850000E-3	-5.308335E-2	5.300898E-1
1.852000E-3	-5.508517E-2	5.671783E-1
1.854000E-3	-5.708699E-2	6.020103E-1
1.856000E-3	-5.908881E-2	6.344277E-1
1.858000E-3	-6.109063E-2	6.642733E-1
1.860000E-3	-6.309245E-2	6.913912E-1
1.862000E-3	-6.509427E-2	7.156272E-1
1.864000E-3	-6.709609E-2	7.368291E-1
1.866000E-3	-6.909791E-2	7.548473E-1
1.868000E-3	-7.109973E-2	7.695351E-1
1.870000E-3	-7.310155E-2	7.807489E-1
1.872000E-3	-7.510337E-2	7.883493E-1
1.874000E-3	-7.710519E-2	7.922006E-1
1.876000E-3	-7.910701E-2	7.921719E-1
1.878000E-3	-8.110883E-2	7.881374E-1
1.880000E-3	-8.311065E-2	7.799766E-1
1.882000E-3	-8.511247E-2	7.675751E-1
1.884000E-3	-8.711429E-2	7.508245E-1
1.886000E-3	-8.911611E-2	7.296233E-1
1.888000E-3	-9.111793E-2	7.038772E-1
1.890000E-3	-9.311975E-2	6.734992E-1
1.892000E-3	-9.512157E-2	6.384105E-1
1.894000E-3	-9.712338E-2	5.985404E-1
1.896000E-3	-9.912520E-2	5.538269E-1
1.898000E-3	-9.887298E-2	5.042171E-1
1.900000E-3	-9.687116E-2	4.496676E-1
1.902000E-3	-9.486934E-2	3.901444E-1
1.904000E-3	-9.286752E-2	3.256239E-1
1.906000E-3	-9.086570E-2	2.560924E-1
1.908000E-3	-8.886388E-2	1.815472E-1
1.910000E-3	-8.686206E-2	1.019962E-1
1.912000E-3	-8.486024E-2	1.745842E-2
1.914000E-3	-8.285842E-2	-7.203591E-2
1.916000E-3	-8.085660E-2	-1.664451E-1
1.918000E-3	-7.885478E-2	-2.657157E-1
1.920000E-3	-7.685296E-2	-3.697829E-1
1.922000E-3	-7.485114E-2	-4.785698E-1
1.924000E-3	-7.284932E-2	-5.919877E-1
1.926000E-3	-7.084750E-2	-7.099360E-1
1.928000E-3	-6.884568E-2	-8.323024E-1
1.930000E-3	-6.684386E-2	-9.589625E-1
1.932000E-3	-6.484204E-2	-1.089780E+0
1.934000E-3	-6.284022E-2	-1.224608E+0
1.936000E-3	-6.083840E-2	-1.363286E+0
1.938000E-3	-5.883658E-2	-1.505644E+0
1.940000E-3	-5.683476E-2	-1.651500E+0
1.942000E-3	-5.483294E-2	-1.800662E+0
1.944000E-3	-5.283112E-2	-1.952926E+0
1.946000E-3	-5.082930E-2	-2.108078E+0
1.948000E-3	-4.882748E-2	-2.265895E+0
1.950000E-3	-4.682566E-2	-2.426144E+0
1.952000E-3	-4.482384E-2	-2.588582E+0
1.954000E-3	-4.282202E-2	-2.752958E+0
1.956000E-3	-4.082020E-2	-2.919013E+0
1.958000E-3	-3.881838E-2	-3.086480E+0
1.960000E-3	-3.681656E-2	-3.255085E+0
1.962000E-3	-3.481474E-2	-3.424547E+0
1.964000E-3	-3.281292E-2	-3.594580E+0
1.966000E-3	-3.081110E-2	-3.764891E+0
1.968000E-3	-2.880928E-2	-3.935183E+0
1.970000E-3	-2.680746E-2	-4.105157E+0
1.972000E-3	-2.480564E-2	-4.274506E+0
1.974000E-3	-2.280382E-2	-4.442925E+0
1.976000E-3	-2.080200E-2	-4.610105E+0
1.978000E-3	-1.880018E-2	-4.775735E+0
1.980000E-3	-1.679836E-2	-4.939506E+0
1.982000E-3	-1.479654E-2	-5.101107E+0
1.984000E-3	-1.279472E-2	-5.260228E+0
1.986000E-3	-1.079290E-2	-5.416563E+0
1.988000E-3	-8.791083E-3	-5.569807E+0
1.990000E-3	-6.789263E-3	-5.719659E+0
1.992000E-3	-4.787443E-3	-5.865821E+0
1.994000E-3	-2.785623E-3	-6.008002E+0
1.996000E-3	-7.838035E-4	-6.145914E+0
1.998000E-3	1.218016E-3	-6.279278E+0
2.000000E-3	3.219836E-3	-6.407820E+0
2.002000E-3	5.221656E-3	-6.531276E+0
2.004000E-3	7.223476E-3	-6.649389E+0
2.006000E-3	9.225296E-3	-6.761912E+0
2.008000E-3	1.122712E-2	-6.868609E+0
2.010000E-3	1.322894E-2	-6.969251E+0
2.012000E-3	1.523076E-2	-7.063625E+0
2.014000E-3	1.723258E-2	-7.151527E+0
2.016000E-3	1.923439E-2	-7.232766E+0
2.018000E-3	2.123621E-2	-7.307164E+0
2.020000E-3	2.323803E-2	-7.374557E+0
2.022000E-3	2.523985E-2	-7.434796E+0
2.024000E-3	2.724167E-2	-7.487744E+0
2.026000E-3	2.924349E-2	-7.533282E+0
2.028000E-3	3.124531E-2	-7.571303E+0
2.030000E-3	3.324713E-2	-7.601718E+0
2.032000E-3	3.524895E-2	-7.624454E+0
2.034000E-3	3.725077E-2	-7.639454E+0
2.036000E-3	3.925259E-2	-7.646678E+0
2.038000E-3	4.125441E-2	-7.646101E+0
2.040000E-3	4.325623E-2	-7.637718E+0
2.042000E-3	4.525805E-2	-7.621538E+0
2.044000E-3	4.725987E-2	-7.597589E+0
2.046000E-3	4.926169E-2	-7.565917E+0
2.048000E-3	5.126351E-2	-7.526583E+0
2.050000E-3	5.326533E-2	-7.479666E+0
2.052000E-3	5.526715E-2	-7.425264E+0
2.054000E-3	5.726897E-2	-7.363489E+0
2.056000E-3	5.927079E-2	-7.294472E+0
2.058000E-3	6.127261E-2	-7.218359E+0
2.060000E-3	6.327443E-2	-7.135313E+0
2.062000E-3	6.527625E-2	-7.045513E+0
2.064000E-3	6.727807E-2	-6.949155E+0
2.066000E-3	6.927989E-2	-6.846446E+0
2.068000E-3	7.128171E-2	-6.737613E+0
2.070000E-3	7.328353E-2	-6.622893E+0
2.072000E-3	7.528535E-2	-6.502540E+0
2.074000E-3	7.728717E-2	-6.376817E+0
2.076000E-3	7.928899E-2	-6.246004E+0
2.078000E-3	8.129081E-2	-6.110391E+0
2.080000E-3	8.329263E-2	-5.970277E+0
2.082000E-3	8.529445E-2	-5.825974E+0
2.084000E-3	8.729627E-2	-5.677803E+0
2.086000E-3	8.929809E-2	-5.526094E+0
2.088000E-3	9.129991E-2	-5.371182E+0
2.090000E-3	9.330173E-2	-5.213414E+0
2.092000E-3	9.530355E-2	-5.053138E+0
2.094000E-3	9.730537E-2	-4.890710E+0
2.096000E-3	9.930719E-2	-4.726489E+0
2.098000E-3	1.013090E-1	-4.560837E+0
2.100000E-3	1.033108E-1	-4.394118E+0
2.102000E-3	1.053126E-1	-4.226698E+0
2.104000E-3	1.073145E-1	-4.058941E+0
2.106000E-3	1.093163E-1	-3.891209E+0
2.108000E-3	1.113181E-1	-3.723865E+0
2.110000E-3	1.133199E-1	-3.557264E+0
2.112000E-3	1.153217E-1	-3.391760E+0
2.114000E-3	1.173236E-1	-3.227698E+0
2.116000E-3	1.193254E-1	-3.065418E+0
2.118000E-3	1.213272E-1	-2.905251E+0
2.120000E-3	1.233290E-1	-2.747518E+0
2.122000E-3	1.253308E-1	-2.592528E+0
2.124000E-3	1.273327E-1	-2.440583E+0
2.126000E-3	1.293345E-1	-2.291966E+0
2.128000E-3	1.313363E-1	-2.146951E+0
2.130000E-3	1.333381E-1	-2.005795E+0
2.132000E-3	1.353399E-1	-1.868737E+0
2.134000E-3	1.373418E-1	-1.736001E+0
2.136000E-3	1.393436E-1	-1.607793E+0
2.138000E-3	1.413454E-1	-1.484300E+0
2.140000E-3	1.433472E-1	-1.365687E+0
2.142000E-3	1.453490E-1	-1.252102E+0
2.144000E-3	1.473509E-1	-1.143668E+0
2.146000E-3	1.493527E-1	-1.040487E+0
2.148000E-3	1.513545E-1	-9.426404E-1
2.150000E-3	1.533563E-1	-8.501840E-1
2.152000E-3	1.553581E-1	-7.631512E-1
2.154000E-3	1.573600E-1	-6.815515E-1
2.156000E-3	1.593618E-1	-6.053705E-1
2.158000E-3	1.613636E-1	-5.345696E-1
2.160000E-3	1.633654E-1	-4.690867E-1
2.162000E-3	1.653672E-1	-4.088356E-1
2.164000E-3	1.673691E-1	-3.537071E-1
2.166000E-3	1.693709E-1	-3.035689E-1
2.168000E-3	1.713727E-1	-2.582670E-1
2.170000E-3	1.733745E-1	-2.176258E-1
2.172000E-3	1.753763E-1	-1.814497E-1
2.174000E-3	1.773782E-1	-1.495241E-1
2.176000E-3	1.793800E-1	-1.216170E-1
2.178000E-3	1.813818E-1	-9.748052E-2
2.180000E-3	1.833836E-1	-7.685279E-2
2.182000E-3	1.853854E-1	-5.946020E-2
2.184000E-3	1.873873E-1	-4.501975E-2
2.186000E-3	1.893891E-1	-3.324164E-2
2.188000E-3	1.913909E-1	-2.383223E-2
2.190000E-3	1.933927E-1	-1.649722E-2
2.192000E-3	1.953945E-1	-1.094516E-2
2.194000E-3	1.973964E-1	-6.891261E-3
2.196000E-3	1.993982E-1	-4.061507E-3
2.198000E-3	2.014000E-1	-2.197136E-3
